=== TABELA RESUMO DOS RESULTADOS ===
Data: 2025-10-28 18:57:06

                  FPS                   CPU_Usage       GPU_Usage      
                 mean   std   min   max      mean   std      mean   std
Triangle_Count                                                         
1               52.27  5.84  44.5  60.0     19.90  2.76     33.40  4.92
25              49.45  6.21  41.1  58.2     23.42  2.97     37.78  5.49
50              46.55  6.21  38.2  55.3     27.19  2.87     42.47  5.95
75              43.45  6.21  35.2  52.1     30.98  2.72     47.28  6.31
100             40.08  6.21  31.8  48.9     34.99  2.29     52.32  6.19
125             36.42  6.21  28.1  45.2     39.03  1.83     57.38  6.15
150             32.98  6.21  24.7  41.8     43.10  1.60     62.39  6.07
175             30.08  6.21  21.8  38.9     47.10  1.65     67.60  5.78
200             26.42  6.21  18.1  35.2     51.09  1.91     72.60  5.73
225             23.06  6.18  14.8  31.8     55.12  2.31     77.67  5.67
250             20.08  6.21  11.8  28.9     59.14  2.75     82.68  5.60
275             16.92  5.97   8.8  25.2     63.18  3.26     87.73  5.56
300             13.81  5.82   5.8  21.8     67.19  3.77     92.75  5.48
325             10.83  5.86   2.8  18.9     71.23  4.33     96.78  4.47
350              7.75  5.51   0.3  15.2     74.49  5.29     98.66  2.35
375              5.29  4.50   0.1  11.8     78.52  5.87     99.92  0.23
400              3.38  3.45   0.1   8.9     82.54  6.43    100.00  0.00